//====================================================
//
//                 ALLAN JPA ~~ SEASON 14 FULL
//                    SENIOR PROFISSIONAL
// [ WHATSAPP ]     
// [ NUMBER   ]     *22 999518600
// [ URL      ] www.AprendizMuOnline.com.br   
//
//       
//
//=====================================================
//Section   Type   Level   Dur   Skill   Luck   Option   Excellent
12          35     0       0     0       0      0        0
15          8      0       0     0       0      0        0
15          29     0       0     0       0      0        0
15          27     0       0     0       0      0        0
15          23     0       0     0       0      0        0
15          21     0       0     0       0      0        0
12          45     0       0     0       0      0        0
15          15     0       0     0       0      0        0
15          17     0       0     0       0      0        0
14          163    0       0     0       0      0        0
14          111    0       0     0       0      0        0
14          109    0       0     0       0      0        0
14          102    0       0     0       0      0        0
13          106    0       0     0       0      0        0
end
